0.0026996473026886527
0.0023874979237297634
-0.0038178168392825297
0.0009737628553538637
0.0014417897027270451
0.0431586672502605
0.0022115699931058463
0.0006610902018005237
0.001373011047742522
-0.00013783378449809915
0.340518932666834
0.002152015650877484
0.000956318906501932
0.0011884142548801012
-0.00012523056523326974
0.43501051264752133
-0.000980858870484123
-0.00011828695636924405
0.002200568831733877
0.00010967676419270094
0.007931914223783478
0.010812996650277741
0.006321934810276807
0.018976932948609745
0.16791420563324375
0.2884984938132575
0.00098661576164448
